hec:
  arm2image: #transform from arm frame to image frame
    translation:
      x: -0.00220635
      y: 0.0401817
      z: 0.00292597
    rotation:
      x: 0.499489
      y: 0.500095
      z: -0.500198
      w: -0.500218